67.20718765258789
67.19277119636536
67.23562526702881
66.36375308036804
66.35808324813843
66.40882134437561
65.53428626060486
65.52623987197876
65.57467722892761
64.69656085968018
64.6923565864563
64.74279999732971
63.86623764038086
63.86370277404785
63.912219285964966
63.031532526016235
63.028035163879395
63.078887701034546
62.22005748748779
62.24133348464966
62.31087279319763
61.429072856903076
61.42533040046692
61.47611618041992
60.594523191452026
60.59073185920715
60.64551544189453
59.76085019111633
59.76127767562866
59.81190800666809
58.92238473892212
58.923235177993774
58.97721242904663
58.08074331283569
58.0857048034668
58.136592626571655
57.280003786087036
57.286256074905396
57.33994722366333
56.440226793289185
56.44594478607178
56.49748206138611
55.59983682632446
55.604629039764404
55.65737557411194
54.75786900520325
54.76853704452515
54.82231307029724
53.917969703674316
53.93011403083801
54.01352071762085
53.114047050476074
53.124638080596924
53.18804144859314
52.28622364997864
52.29825782775879
52.353408336639404
51.44664287567139
51.45998740196228
51.515713691711426
50.60923719406128
50.64386749267578
50.69814395904541
49.79072618484497
49.80767822265625
49.860772371292114
48.95197629928589
48.96686315536499
49.02245569229126
48.11137628555298
48.129385232925415
48.18533515930176
47.27409529685974
47.30756115913391
47.364328145980835
46.456443786621094
46.47678732872009
46.53086042404175
45.62219786643982
45.65965723991394
45.71320986747742
44.822747468948364
44.84364342689514
44.90592622756958
43.996508836746216
44.01449513435364
44.069256067276
43.16221332550049
43.17918372154236
43.23426008224487
42.323586225509644
42.340967416763306
42.38941264152527
41.481924057006836
41.496859550476074
41.54459071159363
40.637486696243286
40.6559624671936
40.70322251319885
39.79618453979492
39.81517457962036
39.86160898208618
38.955737590789795
38.97466230392456
39.02496385574341
38.11530375480652
38.13640761375427
38.187817335128784
37.275980710983276
37.29541897773743
37.349305868148804
36.445523262023926
36.46647047996521
36.521658420562744
35.60345816612244
35.628711223602295
35.684908628463745
34.76967906951904
34.798986196517944
34.851075410842896
33.93488121032715
33.96073579788208
34.01255416870117
33.097774505615234
33.12349486351013
33.1830050945282
32.26367378234863
32.291210889816284
32.34499526023865
31.42828893661499
31.458574533462524
31.510276556015015
30.589590311050415
30.619645833969116
30.674213647842407
29.748960733413696
29.780665636062622
29.83787250518799
28.91134762763977
28.944257736206055
29.002904415130615
28.075151205062866
28.10931944847107
28.169734001159668
27.24213433265686
27.297107458114624
27.371349334716797
26.44184708595276
26.480066061019897
26.55763840675354
25.62699842453003
25.664678812026978
25.759342193603516
24.828742742538452
24.900919437408447
25.01279377937317
24.098493576049805
24.146777391433716
24.207677125930786
23.28007745742798
23.34287738800049
23.415364265441895
22.48572540283203
22.531669855117798
22.589574098587036
21.66075849533081
21.709830284118652
21.762917518615723
20.829165935516357
20.873565912246704
20.929314136505127
20.0127272605896
20.06230878829956
20.119328260421753
19.180969953536987
19.232587337493896
19.293477773666382
18.353047609329224
18.43217372894287
18.480531930923462
17.554241180419922
17.613052368164062
17.65835475921631
16.732427835464478
16.78796100616455
16.85301160812378
15.924794912338257
15.983503103256226
16.02005410194397
15.08733057975769
15.14290452003479
15.182222366333008
14.255232810974121
14.311259269714355
14.356534719467163
13.417590379714966
13.471373796463013
13.519555568695068
12.577981233596802
12.6291663646698
12.67675495147705
11.745811223983765
11.80299425125122
11.880009889602661
10.940771341323853
10.99381136894226
11.045736312866211
10.101820707321167
10.180377960205078
10.239244937896729
9.29446029663086
9.349963426589966
9.42889142036438
8.487705945968628
8.549397945404053
8.606101751327515
7.654922962188721
7.710141658782959
7.781562089920044
6.837176322937012
6.889799118041992
6.94750189781189
6.001944065093994
6.054279565811157
6.10994553565979
5.169053792953491
5.219146490097046
5.275442361831665
4.332518577575684
4.379901647567749
4.438976526260376
3.4992716312408447
3.5474772453308105
3.6042966842651367
2.6659438610076904
2.718066930770874
2.7762868404388428
1.85038161277771
1.9128687381744385
1.9745807647705078
1.0385713577270508
1.0794923305511475
1.136204481124878
0.2016143798828125
0.24146699905395508
0.2982664108276367
0.09119391441345215
0.14147520065307617
0.19611787796020508
0.08848762512207031
0.16544246673583984
0.24292778968811035
0.0979166030883789
0.15108823776245117
0.227006196975708
0.10553121566772461
0.16283464431762695
0.21792316436767578
0.0891883373260498
0.13913655281066895
0.19614863395690918
0.09799313545227051
0.14077138900756836
0.22275376319885254
0.08925890922546387
0.1595907211303711
0.22806429862976074
0.09073972702026367
0.1321427822113037
0.18835234642028809
0.08258867263793945
0.11156725883483887
0.18725037574768066
0.09577727317810059
0.12972402572631836
0.18313050270080566
0.08741354942321777
0.11571168899536133
0.17083191871643066
0.08257246017456055
0.10878634452819824
0.165238618850708
0.08938026428222656
0.11990880966186523
0.17566466331481934
0.09331536293029785
0.12065839767456055
0.17015624046325684
0.09175658226013184
0.1044161319732666
0.1679821014404297
0.10290694236755371
0.11726546287536621
0.17339658737182617
0.19092273712158203
0.22251582145690918
0.28430771827697754
0.09046363830566406
0.10888361930847168
0.16448092460632324
0.07798910140991211
0.08274507522583008
0.1400737762451172
0.08470392227172852
0.09110403060913086
0.15208840370178223
0.1761624813079834
0.1866774559020996
0.2419147491455078
0.08824610710144043
0.10693764686584473
0.16294217109680176
0.09524202346801758
0.10562729835510254
0.188201904296875
0.09110903739929199
0.12055158615112305
0.17856073379516602
0.0877687931060791
0.10284066200256348
0.15593409538269043
0.0908050537109375
0.08811211585998535
0.1527559757232666
0.09897398948669434
0.11843681335449219
0.17709589004516602
0.09007716178894043
0.10831403732299805
0.17341828346252441
0.09737658500671387
0.09667134284973145
0.15284442901611328
0.10351371765136719
0.10011124610900879
0.16487360000610352
0.09170913696289062
0.08295655250549316
0.1365213394165039
0.09710907936096191
0.09655547142028809
0.1519320011138916
0.09149813652038574
0.09034061431884766
0.14955377578735352
0.08845400810241699
0.08398056030273438
0.13936710357666016
0.09129953384399414
0.1026313304901123
0.16248416900634766
0.08772158622741699
0.08658814430236816
0.1456468105316162
0.09282255172729492
0.07611393928527832
0.13249874114990234
0.08981800079345703
0.07503175735473633
0.1556551456451416
0.08746528625488281
0.0706031322479248
0.1266765594482422
0.10531806945800781
0.10599517822265625
0.16648292541503906
0.09228515625
0.07163000106811523
0.13093829154968262
0.09960651397705078
0.10014057159423828
0.16077160835266113
0.08953404426574707
0.08878183364868164
0.1589524745941162
0.08693289756774902
0.06605148315429688
0.14774656295776367
0.10838818550109863
0.09729194641113281
0.15448284149169922
0.09375143051147461
0.10041975975036621
0.1627192497253418
0.0945582389831543
0.08079171180725098
0.13382935523986816
0.09637117385864258
0.07673120498657227
0.1313495635986328
0.18636345863342285
0.17295026779174805
0.22726941108703613
0.09587240219116211
0.0825350284576416
0.13474631309509277
0.10615944862365723
0.13571858406066895
0.19642233848571777
0.0941011905670166
0.0837709903717041
0.13504409790039062
0.09519553184509277
0.08353877067565918
0.13531923294067383
0.09557604789733887
0.08771228790283203
0.1443347930908203
0.11012506484985352
0.09783482551574707
0.14959931373596191
0.08016586303710938
0.06605148315429688
0.14979767799377441
0.09097695350646973
0.08700180053710938
0.1525266170501709
0.09106278419494629
0.08952784538269043
0.14767050743103027
0.09270024299621582
0.07056283950805664
0.12599873542785645
0.08394861221313477
0.08511948585510254
0.1463005542755127
0.0980074405670166
0.09531664848327637
0.15519928932189941
0.09339165687561035
0.07342171669006348
0.1297299861907959
0.09102225303649902
0.08707046508789062
0.15155243873596191
0.09574389457702637
0.08157610893249512
0.16034388542175293
0.09892582893371582
0.07294797897338867
0.1290125846862793
0.09241008758544922
0.08469104766845703
0.14220309257507324
0.08427286148071289
0.0745382308959961
0.13353323936462402
0.08293628692626953
0.06332659721374512
0.12117648124694824
0.0908353328704834
0.06539297103881836
0.12424111366271973
0.08885049819946289
0.08798527717590332
0.14888525009155273
0.08678102493286133
0.0712575912475586
0.13341259956359863
0.09302687644958496
0.07373213768005371
0.13341474533081055
0.08746671676635742
0.07735252380371094
0.13642191886901855
0.08400535583496094
0.08470821380615234
0.14478373527526855
0.10010623931884766
0.09579777717590332
0.17269301414489746
0.090911865234375
0.06412720680236816
0.1498730182647705
0.09883356094360352
0.06960201263427734
0.12845253944396973
0.0946798324584961
0.06858277320861816
0.16508245468139648
0.08579039573669434
0.06746530532836914
0.1246023178100586
0.06633973121643066
0.07795453071594238
0.1435534954071045
0.09042811393737793
0.07303142547607422
0.1599583625793457
0.08693265914916992
0.08957839012145996
0.16860556602478027
0.0894765853881836
0.08368062973022461
0.15021014213562012
0.0835883617401123
0.06465744972229004
0.12350630760192871
0.07494425773620605
0.060715436935424805
0.12203216552734375
0.08639121055603027
0.07140803337097168
0.15865683555603027
0.07084155082702637
0.06654119491577148
0.137054443359375
0.08941268920898438
0.08695220947265625
0.15974855422973633
0.08789420127868652
0.0934751033782959
0.15337800979614258
0.0957341194152832
0.07377290725708008
0.13934636116027832
0.09297680854797363
0.08856940269470215
0.1521451473236084
0.08702874183654785
0.06762576103210449
0.12778115272521973
0.11128067970275879
0.07794356346130371
0.13782668113708496
0.09130382537841797
0.06564545631408691
0.1241762638092041
0.09282207489013672
0.07132887840270996
0.12881731986999512
0.08280825614929199
0.07825183868408203
0.1415410041809082
0.09043574333190918
0.07678532600402832
0.13579416275024414
0.11656308174133301
0.07708883285522461
0.1658036708831787
0.06869125366210938
0.06761527061462402
0.131575345993042
0.09174418449401855
0.09403538703918457
0.17623496055603027
0.09921932220458984
0.07970142364501953
0.13807034492492676
0.09680962562561035
0.08943581581115723
0.1531057357788086
0.08700132369995117
0.06598472595214844
0.14365887641906738
0.09272241592407227
0.06877446174621582
0.1261758804321289
0.09251260757446289
0.06805253028869629
0.12898921966552734
0.08565068244934082
0.18154501914978027
0.26122021675109863
0.10647177696228027
0.1131904125213623
0.1863410472869873
0.07263898849487305
0.06393861770629883
0.12194108963012695
0.08243107795715332
0.19068598747253418
0.25893664360046387
0.06511282920837402
0.06487250328063965
0.12474322319030762
0.09366178512573242
0.07657432556152344
0.1356816291809082
0.09332919120788574
0.07918024063110352
0.14868402481079102
0.09852266311645508
0.11065244674682617
0.19137191772460938
0.09012269973754883
0.06801199913024902
0.12445902824401855
0.07189583778381348
0.09879446029663086
0.17540502548217773
0.08494973182678223
0.08486413955688477
0.14210295677185059
0.0936131477355957
0.07972836494445801
0.14200830459594727
0.0851132869720459
0.07805991172790527
0.13887453079223633
0.09758949279785156
0.07713675498962402
0.13646459579467773
0.09288597106933594
0.07369470596313477
0.13071870803833008
0.09495902061462402
0.07627701759338379
0.1382126808166504
0.09048891067504883
0.07645726203918457
0.16393518447875977
0.10593056678771973
0.07567071914672852
0.14715027809143066
0.0923771858215332
0.06965780258178711
0.1261141300201416
0.09115314483642578
0.07274341583251953
0.1337294578552246
0.08238530158996582
0.09096550941467285
0.1523287296295166
0.06406378746032715
0.07266402244567871
0.13306093215942383
0.08603453636169434
0.19374823570251465
0.2574644088745117
0.0796048641204834
0.09464550018310547
0.15562939643859863
0.08963871002197266
0.07458662986755371
0.13322734832763672
0.0960993766784668
0.20813512802124023
0.2769153118133545
0.08829712867736816
0.0896151065826416
0.15219545364379883
0.10381221771240234
0.09518742561340332
0.15743803977966309
0.09416604042053223
0.09421563148498535
0.17326974868774414
0.09332823753356934
0.09389400482177734
0.15517020225524902
0.08781743049621582
0.0643622875213623
0.12037158012390137
0.09491825103759766
0.0796666145324707
0.14973115921020508
0.09336209297180176
0.07467913627624512
0.13378620147705078
0.07956457138061523
0.08418107032775879
0.14841127395629883
0.09179258346557617
0.07477807998657227
0.1289966106414795
0.09260797500610352
0.0889744758605957
0.14963483810424805
0.08817386627197266
0.09472298622131348
0.15606284141540527
0.08605360984802246
0.08701395988464355
0.15621185302734375
0.18893051147460938
0.12370109558105469
0.18189024925231934
0.0884406566619873
0.09950065612792969
0.15602874755859375
0.08880448341369629
0.07586669921875
0.1594710350036621
0.09470343589782715
0.1391277313232422
0.2043614387512207
0.09462356567382812
0.08769035339355469
0.1466679573059082
0.08092069625854492
0.10519051551818848
0.16489005088806152
0.07639145851135254
0.07796430587768555
0.15662503242492676
0.08663558959960938
0.08234667778015137
0.19032979011535645
0.07617926597595215
0.06315135955810547
0.1212930679321289
0.08328366279602051
0.08743786811828613
0.14681601524353027
0.1894373893737793
0.12178468704223633
0.18914103507995605
0.06990814208984375
0.06828641891479492
0.1270732879638672
0.0671086311340332
0.06632113456726074
0.11761283874511719
0.08591151237487793
0.10103201866149902
0.1713855266571045
0.08377504348754883
0.10885214805603027
0.1701648235321045
0.09198665618896484
0.0818634033203125
0.14010834693908691
0.08695292472839355
0.19337248802185059
0.2504861354827881
0.09326410293579102
0.09229087829589844
0.1584775447845459
0.09092044830322266
0.08663272857666016
0.16512060165405273
0.08931326866149902
0.08702611923217773
0.14822840690612793
0.07768011093139648
0.09725379943847656
0.15587139129638672
0.09673595428466797
0.09218692779541016
0.15660715103149414
0.09004044532775879
0.1916942596435547
0.27709007263183594
0.0947718620300293
0.08758258819580078
0.1421678066253662
0.19162750244140625
0.14261460304260254
0.1997072696685791
0.0968163013458252
0.09173345565795898
0.15354323387145996
0.09318709373474121
0.09181523323059082
0.15143728256225586
0.09165048599243164
0.09237074851989746
0.15384364128112793
0.08907198905944824
0.07656216621398926
0.15149283409118652
0.08910560607910156
0.08613753318786621
0.14544367790222168
0.0884547233581543
0.08974456787109375
0.1511671543121338
0.06842041015625
0.18436264991760254
0.24445891380310059
0.09796810150146484
0.0937497615814209
0.16566157341003418
0.07955026626586914
0.08184528350830078
0.13946175575256348
0.09061789512634277
0.09036827087402344
0.15154671669006348
0.08678197860717773
0.08707284927368164
0.1452319622039795
0.09927010536193848
0.09104204177856445
0.15308284759521484
0.09041023254394531
0.08020138740539551
0.1581554412841797
0.09051513671875
0.08811211585998535
0.15076851844787598
0.0887300968170166
0.06875395774841309
0.12877750396728516
0.1057882308959961
0.09145927429199219
0.15319085121154785
0.08946681022644043
0.09417915344238281
0.15424776077270508
0.0920417308807373
0.0885162353515625
0.1484532356262207
0.0872809886932373
0.0899200439453125
0.15169548988342285
0.09097075462341309
0.09750556945800781
0.16341829299926758
0.09161520004272461
0.07966160774230957
0.1371629238128662
0.07631635665893555
0.06635737419128418
0.12447381019592285
0.0634772777557373
0.06576395034790039
0.1233968734741211
0.08629536628723145
0.08851504325866699
0.15546393394470215
0.09657144546508789
0.09258127212524414
0.1595287322998047
0.09593629837036133
0.09389162063598633
0.16137957572937012
0.09210658073425293
0.09038853645324707
0.16544318199157715
0.09036064147949219
0.08901333808898926
0.1740128993988037
0.08639836311340332
0.07955217361450195
0.13589763641357422
0.09003114700317383
0.08879375457763672
0.15483832359313965
0.09085941314697266
0.09225678443908691
0.17649030685424805
0.09730386734008789
0.08416104316711426
0.14687108993530273
0.08820867538452148
0.06745076179504395
0.12360382080078125
0.08222818374633789
0.0936136245727539
0.17034244537353516
0.09485244750976562
0.08919119834899902
0.1487903594970703
0.08080792427062988
0.06459641456604004
0.12102580070495605
0.08638978004455566
0.08932638168334961
0.14589262008666992
0.06462907791137695
0.07682919502258301
0.13332152366638184
0.08270025253295898
0.09113574028015137
0.15596652030944824
0.10270500183105469
0.09406018257141113
0.15491819381713867
0.07215714454650879
0.09708404541015625
0.16180157661437988
0.0862729549407959
0.08273005485534668
0.14121174812316895
0.08233809471130371
0.09184002876281738
0.156571626663208
0.09190607070922852
0.07016968727111816
0.13122773170471191
0.09472465515136719
0.0905449390411377
0.1520092487335205
0.09796309471130371
0.0922706127166748
0.16837787628173828
0.0879507064819336
0.09278988838195801
0.16698241233825684
0.09437155723571777
0.08860445022583008
0.1500389575958252
0.08774781227111816
0.08423590660095215
0.16211199760437012
0.09296822547912598
0.09872126579284668
0.15585803985595703
0.0772709846496582
0.08897733688354492
0.14826154708862305
0.0694277286529541
0.16849946975708008
0.24132347106933594
0.0920248031616211
0.08632373809814453
0.14396333694458008
0.07017946243286133
0.10194230079650879
0.16441035270690918
0.0775761604309082
0.16962790489196777
0.22620010375976562
0.072479248046875
0.08893823623657227
0.14928674697875977
0.07925868034362793
0.08100390434265137
0.13532042503356934
0.08488845825195312
0.09141230583190918
0.15525197982788086
0.12066054344177246
0.0804603099822998
0.14942550659179688
0.08864068984985352
0.0828850269317627
0.14276790618896484
0.09077048301696777
0.09217333793640137
0.16183972358703613
0.09160304069519043
0.19342827796936035
0.26092028617858887
0.0880422592163086
0.09090256690979004
0.15540504455566406
0.21049261093139648
0.06405496597290039
0.12036776542663574
0.06905794143676758
0.09874391555786133
0.1762561798095703
0.09459733963012695
0.07333683967590332
0.13226771354675293
0.07526373863220215
0.19843387603759766
0.27767109870910645
0.08947205543518066
0.09137463569641113
0.17274928092956543
0.08715987205505371
0.08354854583740234
0.14235758781433105
0.0886695384979248
0.07628893852233887
0.13161015510559082
0.0930640697479248
0.08359503746032715
0.15458226203918457
0.08903026580810547
0.10229778289794922
0.18659543991088867
0.06476306915283203
0.09248781204223633
0.17788958549499512
0.1051645278930664
0.08545398712158203
0.14880108833312988
0.09100031852722168
0.0846714973449707
0.14671540260314941
0.09485125541687012
0.08481121063232422
0.1480708122253418
0.09284329414367676
0.08807086944580078
0.14827561378479004
0.06951403617858887
0.06696319580078125
0.12758207321166992
0.09479498863220215
0.08167004585266113
0.15702009201049805
0.0704655647277832
0.08560562133789062
0.19237661361694336
0.07974886894226074
0.06393837928771973
0.12803912162780762
0.08345794677734375
0.07463288307189941
0.1361527442932129
0.06720709800720215
0.08351659774780273
0.14781975746154785
0.07063531875610352
0.07947444915771484
0.1449451446533203
0.09513211250305176
0.19215679168701172
0.2574026584625244
0.10192489624023438
0.0889129638671875
0.15213465690612793
0.09040212631225586
0.06768012046813965
0.13204550743103027
0.09522247314453125
0.0950779914855957
0.15731024742126465
0.10084986686706543
0.10097265243530273
0.19766998291015625
0.08193039894104004
0.09778261184692383
0.16163253784179688
0.08857917785644531
0.09423398971557617
0.15146422386169434
0.09253191947937012
0.09644007682800293
0.1746511459350586
0.09083700180053711
0.09171199798583984
0.16936707496643066
0.06347894668579102
0.08018159866333008
0.14687418937683105
0.09580111503601074
0.0872647762298584
0.15350794792175293
0.09088778495788574
0.09709429740905762
0.15915274620056152
0.19705748558044434
0.09474968910217285
0.15963172912597656
0.13528895378112793
0.08895659446716309
0.14695978164672852
0.10265851020812988
0.08637619018554688
0.15218710899353027
0.0911102294921875
0.08228588104248047
0.14539647102355957
0.09256672859191895
0.09542107582092285
0.19710946083068848
0.08780813217163086
0.08803701400756836
0.15380215644836426
0.09724187850952148
0.09146714210510254
0.1737680435180664
0.08771944046020508
0.09088802337646484
0.1687030792236328
0.08449625968933105
0.06590676307678223
0.12479162216186523
0.08751463890075684
0.09182333946228027
0.15295624732971191
0.09133458137512207
0.08979916572570801
0.1547400951385498
0.08507990837097168
0.09212279319763184
0.15775799751281738
0.07562422752380371
0.08373594284057617
0.14349699020385742
0.07707619667053223
0.08083486557006836
0.134993314743042
0.08390188217163086
0.06341552734375
0.15122079849243164
0.18223118782043457
0.07163643836975098
0.13796234130859375
0.0716562271118164
0.08517575263977051
0.14473962783813477
0.0689842700958252
0.08940458297729492
0.17224407196044922
0.09415340423583984
0.09301996231079102
0.1497023105621338
0.09170961380004883
0.09055280685424805
0.15841054916381836
0.08153462409973145
0.08664751052856445
0.14457106590270996
0.08957076072692871
0.09466958045959473
0.1616201400756836
0.06267738342285156
0.09485554695129395
0.15943098068237305
0.09478950500488281
0.09499812126159668
0.16737651824951172
0.0842587947845459
0.19829511642456055
0.2767777442932129
0.09418487548828125
0.1914510726928711
0.2548344135284424
0.07419729232788086
0.09235072135925293
0.15986371040344238
0.08961868286132812
0.09624981880187988
0.1667191982269287
0.09552240371704102
0.0900888442993164
0.15631604194641113
0.08280491828918457
0.0906991958618164
0.1526203155517578
0.08792829513549805
0.07714462280273438
0.13901662826538086
0.08483743667602539
0.09284400939941406
0.17036032676696777
0.0858151912689209
0.09150147438049316
0.15137219429016113
0.08957338333129883
0.0662686824798584
0.12997865676879883
0.0904245376586914
0.08548116683959961
0.14949798583984375
0.09583258628845215
0.09089398384094238
0.15021920204162598
0.09027361869812012
0.1819760799407959
0.2628476619720459
0.09003567695617676
0.08673405647277832
0.14504504203796387
0.09201312065124512
0.09518051147460938
0.1786665916442871
0.09396600723266602
0.0675051212310791
0.12539291381835938
0.08745861053466797
0.0866236686706543
0.14659404754638672
0.0673208236694336
0.14130425453186035
0.19649815559387207
0.09517240524291992
0.07392573356628418
0.13239550590515137
0.09119701385498047
0.09217953681945801
0.15479016304016113
0.08962464332580566
0.09157419204711914
0.1557471752166748
0.07692718505859375
0.08037066459655762
0.1442093849182129
0.08850955963134766
0.09143424034118652
0.15013623237609863
0.08392047882080078
0.08748817443847656
0.16639065742492676
0.08045434951782227
0.07872152328491211
0.13590645790100098
0.08877921104431152
0.08583927154541016
0.14285922050476074
0.09267926216125488
0.08992362022399902
0.14802885055541992
0.07526946067810059
0.08837747573852539
0.14731454849243164
0.08150553703308105
0.08327126502990723
0.1666269302368164
0.06385517120361328
0.10384726524353027
0.15922188758850098
0.07727742195129395
0.08878016471862793
0.15125298500061035
0.06533002853393555
0.09026741981506348
0.1567239761352539
0.08564281463623047
0.08837580680847168
0.15714693069458008
0.09204220771789551
0.08756756782531738
0.16126799583435059
0.12012243270874023
0.09106612205505371
0.15811920166015625
0.07948637008666992
0.08832335472106934
0.15017223358154297
0.09766554832458496
0.09419059753417969
0.15330219268798828
0.09106683731079102
0.09431171417236328
0.1565721035003662
0.17155981063842773
0.1263129711151123
0.20887160301208496
0.09302759170532227
0.09266304969787598
0.152878999710083
0.08238005638122559
0.07944726943969727
0.13779401779174805
0.10472679138183594
0.08963632583618164
0.15569376945495605
0.09002041816711426
0.11376237869262695
0.1763324737548828
0.08832406997680664
0.08520627021789551
0.1402454376220703
0.09179401397705078
0.07545876502990723
0.13205265998840332
0.08649659156799316
0.07630395889282227
0.13593125343322754
0.0929408073425293
0.09070634841918945
0.1562044620513916
0.08676886558532715
0.09341835975646973
0.14815354347229004
0.08759570121765137
0.08605027198791504
0.14699363708496094
0.09543395042419434
0.09761476516723633
0.15375924110412598
0.0900716781616211
0.08506155014038086
0.14641785621643066
0.08597493171691895
0.09230661392211914
0.17268586158752441
0.07453775405883789
0.07985138893127441
0.13930010795593262
0.07789731025695801
0.08066415786743164
0.14050674438476562
0.08938813209533691
0.0891427993774414
0.15155649185180664
0.08013272285461426
0.0916604995727539
0.15618467330932617
0.13322973251342773
0.08756780624389648
0.14648795127868652
0.09051132202148438
0.09351062774658203
0.15335917472839355
0.18505644798278809
0.08575558662414551
0.14878344535827637
0.08692193031311035
0.0948486328125
0.1574087142944336
0.09247279167175293
0.09132575988769531
0.16460609436035156
0.08985376358032227
0.08608698844909668
0.1628715991973877
0.09161520004272461
0.09444999694824219
0.16055989265441895
0.08214807510375977
0.07657551765441895
0.13797545433044434
0.09206938743591309
0.07254290580749512
0.13352060317993164
0.08880448341369629
0.09375381469726562
0.1603996753692627
0.08619475364685059
0.09112882614135742
0.17394280433654785
0.08931612968444824
0.0979008674621582
0.16008687019348145
0.09401941299438477
0.06427550315856934
0.12259554862976074
0.08008956909179688
0.08135724067687988
0.13744735717773438
0.07415509223937988
0.09058427810668945
0.15215063095092773
0.08684778213500977
0.0914306640625
0.15165233612060547
0.08027505874633789
0.08860111236572266
0.15169477462768555
0.08252239227294922
0.08184409141540527
0.14248895645141602
0.09515690803527832
0.08536171913146973
0.1495530605316162
0.08928799629211426
0.0894010066986084
0.15247774124145508
0.09989762306213379
0.08881235122680664
0.15424203872680664
0.08981966972351074
0.08335137367248535
0.1553795337677002
0.0916447639465332
0.0937809944152832
0.1537477970123291
0.08144211769104004
0.11575603485107422
0.17937040328979492
0.1005241870880127
0.09370875358581543
0.1528186798095703
0.08626532554626465
0.0789952278137207
0.11480832099914551
0.10155534744262695
0.09277033805847168
0.13386011123657227
0.08550572395324707
0.08111333847045898
0.11549687385559082
0.10080075263977051
0.0984792709350586
0.15801286697387695
0.10000348091125488
0.08270025253295898
0.13878107070922852
0.09365034103393555
0.0867762565612793
0.12195134162902832
0.09572625160217285
0.09350442886352539
0.14616894721984863
0.09679388999938965
0.08271670341491699
0.11397552490234375
0.10304141044616699
0.08509016036987305
0.1208028793334961
0.08403921127319336
0.12442731857299805
0.16774821281433105
0.09608602523803711
0.08739495277404785
0.11774611473083496
0.08468866348266602
0.0792694091796875
0.10795760154724121
0.09485650062561035
0.0914609432220459
0.14641404151916504
0.07105779647827148
0.09085488319396973
0.11980676651000977
0.08538317680358887
0.08675169944763184
0.12005066871643066
0.08800387382507324
0.09016251564025879
0.13548707962036133
0.09085679054260254
0.06389284133911133
0.11145687103271484
0.08893871307373047
0.090606689453125
0.126908540725708
0.09194135665893555
0.0946340560913086
0.14954352378845215
0.07993292808532715
0.09366703033447266
0.128645658493042
0.07837796211242676
0.08297920227050781
0.11817121505737305
0.10738420486450195
0.09236407279968262
0.12726879119873047
0.10493016242980957
0.08794856071472168
0.11997675895690918
0.07441091537475586
0.09399247169494629
0.12961030006408691
0.08755230903625488
0.08669781684875488
0.11904263496398926
0.09208369255065918
0.0918874740600586
0.12031126022338867
0.09164547920227051
0.07869315147399902
0.1089780330657959
0.08065128326416016
0.09903717041015625
0.12970709800720215
0.08706259727478027
0.06450772285461426
0.09656667709350586
0.09194469451904297
0.09159398078918457
0.15193676948547363
0.09241533279418945
0.09068441390991211
0.1717207431793213
0.09215044975280762
0.08990597724914551
0.12337470054626465
0.0916447639465332
0.09227418899536133
0.16719818115234375
0.08673334121704102
0.08385300636291504
0.12292194366455078
0.09113335609436035
0.09337449073791504
0.1387474536895752
0.08406639099121094
0.09048652648925781
0.13910937309265137
0.07879877090454102
0.0879974365234375
0.13431787490844727
0.08923077583312988
0.06675219535827637
0.1361861228942871
0.07930421829223633
0.08996701240539551
0.13884305953979492
0.09243369102478027
0.08063578605651855
0.14494919776916504
0.08795785903930664
0.09136843681335449
0.13573718070983887
0.07613039016723633
0.0838022232055664
0.1307675838470459
0.09418964385986328
0.12836503982543945
0.17420649528503418
0.10232353210449219
0.09086155891418457
0.150543212890625
0.08843183517456055
0.10222315788269043
0.15339970588684082
0.0958411693572998
0.09393048286437988
0.14737248420715332
0.07709121704101562
0.10350918769836426
0.15625786781311035
0.09759306907653809
0.093414306640625
0.166945219039917
0.0887901782989502
0.08580684661865234
0.16123604774475098
0.09511828422546387
0.08956146240234375
0.14711332321166992
0.09383654594421387
0.10151195526123047
0.16875576972961426
0.08674931526184082
0.09256505966186523
0.15192747116088867
0.0769798755645752
0.09737968444824219
0.1684589385986328
0.09071469306945801
0.09068107604980469
0.14984726905822754
0.08413171768188477
0.08585882186889648
0.14045381546020508
0.10084843635559082
0.07010269165039062
0.13885498046875
0.06468963623046875
0.08148884773254395
0.14133834838867188
0.07457566261291504
0.0884850025177002
0.14519691467285156
0.07831501960754395
0.09427571296691895
0.15333175659179688
0.08495140075683594
0.08620166778564453
0.15723752975463867
0.09059667587280273
0.09363436698913574
0.15378022193908691
0.06350898742675781
0.09158015251159668
0.15403985977172852
0.09706282615661621
0.09338808059692383
0.16765332221984863
0.08611750602722168
0.0868537425994873
0.16566061973571777
0.0841681957244873
0.08167123794555664
0.1407473087310791
0.09103059768676758
0.0870203971862793
0.15170073509216309
0.11228203773498535
0.06512641906738281
0.12319016456604004
0.0736544132232666
0.08042716979980469
0.14414525032043457
0.09553670883178711
0.08124637603759766
0.15398931503295898
0.0829465389251709
0.07511186599731445
0.13550114631652832
0.07772350311279297
0.08668828010559082
0.16335535049438477
0.0875251293182373
0.0885927677154541
0.1712961196899414
0.0736074447631836
0.08685302734375
0.14678478240966797
0.1274874210357666
0.08613061904907227
0.14793705940246582
0.09341692924499512
0.08411335945129395
0.14327716827392578
0.08471941947937012
0.08638215065002441
0.15201950073242188
0.0720052719116211
0.09002685546875
0.15101242065429688
0.09909534454345703
0.0924229621887207
0.15946722030639648
0.09371137619018555
0.09308934211730957
0.17240524291992188
0.06676030158996582
0.09359049797058105
0.16832351684570312
0.08573079109191895
0.10320138931274414
0.1782674789428711
0.08884692192077637
0.08509087562561035
0.1461787223815918
0.0912315845489502
0.09366893768310547
0.2090764045715332
0.09310555458068848
0.09532332420349121
0.1590125560760498
0.09564208984375
0.09680390357971191
0.1895592212677002
0.08707594871520996
0.08392524719238281
0.1439499855041504
0.08668971061706543
0.09436702728271484
0.16194701194763184
0.0865335464477539
0.0932774543762207
0.1570723056793213
0.10289597511291504
0.09022378921508789
0.15353155136108398
0.07970666885375977
0.08153462409973145
0.14411616325378418
0.08702850341796875
0.09734487533569336
0.18822073936462402
0.09150314331054688
0.07945847511291504
0.13648581504821777
0.09161710739135742
0.09073972702026367
0.1559154987335205
0.0913381576538086
0.08797073364257812
0.1441199779510498
0.08985733985900879
0.08491253852844238
0.14345908164978027
0.08903384208679199
0.09509396553039551
0.15947175025939941
0.08646869659423828
0.08824419975280762
0.1492011547088623
0.07937121391296387
0.08954882621765137
0.1668717861175537
0.08435726165771484
0.08872532844543457
0.14970684051513672
0.08457779884338379
0.07884573936462402
0.13293218612670898
0.0775139331817627
0.09069561958312988
0.15464329719543457
0.08992385864257812
0.09371161460876465
0.1706094741821289
0.08927226066589355
0.08749699592590332
0.15154194831848145
0.08904790878295898
0.09201240539550781
0.15766000747680664
0.08410072326660156
0.0917823314666748
0.15291738510131836
0.09383797645568848
0.09525847434997559
0.15908145904541016
0.08356571197509766
0.09498262405395508
0.15683794021606445
0.10868144035339355
0.09584975242614746
0.15671849250793457
0.06976008415222168
0.09494614601135254
0.1858053207397461
0.09480977058410645
0.09422802925109863
0.15200114250183105
0.08163666725158691
0.0871438980102539
0.15172362327575684
0.06786131858825684
0.08412837982177734
0.13979125022888184
0.08393216133117676
0.08390259742736816
0.14733171463012695
0.07601785659790039
0.09185266494750977
0.15247631072998047
0.08723998069763184
0.0920109748840332
0.15696430206298828
0.09320521354675293
0.09191775321960449
0.15323781967163086
0.08755636215209961
0.09338855743408203
0.15634393692016602
0.06954598426818848
0.09618234634399414
0.19768667221069336
0.09168481826782227
0.0970466136932373
0.16146135330200195
0.09211063385009766
0.09117794036865234
0.1552567481994629
0.09977364540100098
0.09530854225158691
0.1743161678314209
0.08702921867370605
0.09023594856262207
0.1448056697845459
0.1068882942199707
0.08445191383361816
0.13587117195129395
0.10316181182861328
0.08507847785949707
0.14293599128723145
0.09565997123718262
0.06479310989379883
0.14340496063232422
0.08181977272033691
0.06647109985351562
0.12292027473449707
0.10674571990966797
0.10739517211914062
0.19826292991638184
0.08089303970336914
0.0928802490234375
0.16533350944519043
0.08381438255310059
0.08273029327392578
0.14126205444335938
0.09271740913391113
0.08245062828063965
0.13897991180419922
0.08645176887512207
0.06702733039855957
0.12164449691772461
0.06844401359558105
0.09320282936096191
0.15952110290527344
0.07645797729492188
0.07916045188903809
0.13348960876464844
0.08431005477905273
0.08540511131286621
0.14726829528808594
0.08281540870666504
0.0860905647277832
0.1609482765197754
0.08784866333007812
0.08835816383361816
0.1503608226776123
0.089385986328125
0.08989453315734863
0.15272283554077148
0.0918283462524414
0.08544230461120605
0.16535091400146484
0.0966196060180664
0.09230279922485352
0.15379643440246582
0.08494973182678223
0.08200359344482422
0.1426546573638916
0.06280350685119629
0.08691000938415527
0.15171504020690918
0.09441924095153809
0.07065439224243164
0.12912845611572266
0.09325361251831055
0.0944058895111084
0.15395689010620117
0.08591914176940918
0.07996177673339844
0.13616037368774414
0.09416675567626953
0.08516120910644531
0.1672227382659912
0.09797358512878418
0.09302186965942383
0.1631755828857422
0.09186959266662598
0.08669853210449219
0.15509247779846191
0.08362293243408203
0.07813858985900879
0.15605378150939941
0.08029961585998535
0.0969240665435791
0.17719578742980957
0.0960540771484375
0.0892021656036377
0.16129827499389648
0.07345318794250488
0.07511568069458008
0.1291332244873047
0.0727999210357666
0.08950519561767578
0.1679532527923584
0.09572958946228027
0.09160685539245605
0.16762185096740723
0.09554100036621094
0.09326386451721191
0.15670561790466309
0.08474612236022949
0.08680319786071777
0.1446537971496582
0.08704948425292969
0.09611630439758301
0.17160940170288086
0.09295034408569336
0.08961606025695801
0.1614377498626709
0.09276890754699707
0.09648728370666504
0.15915918350219727
0.08022832870483398
0.16387629508972168
0.22654461860656738
0.07491755485534668
0.17191529273986816
0.23025059700012207
0.08842682838439941
0.08258199691772461
0.14078187942504883
0.09067988395690918
0.0881948471069336
0.1536247730255127
0.09310221672058105
0.08662724494934082
0.14442062377929688
0.08419466018676758
0.06772446632385254
0.1490159034729004
0.09694528579711914
0.0971376895904541
0.15858769416809082
0.08531498908996582
0.10829973220825195
0.16453170776367188
0.09218096733093262
0.09002923965454102
0.15455126762390137
0.0856170654296875
0.09121513366699219
0.15395045280456543
0.08768510818481445
0.09630036354064941
0.15513229370117188
0.08615469932556152
0.09204339981079102
0.15186262130737305
0.08495616912841797
0.09268641471862793
0.16839337348937988
0.08723139762878418
0.20050644874572754
0.2594778537750244
0.08898544311523438
0.08713006973266602
0.14636921882629395
0.06084918975830078
0.11317634582519531
0.17053627967834473
0.08212852478027344
0.09079170227050781
0.15241742134094238
0.19752931594848633
0.07720732688903809
0.15891528129577637
0.08607745170593262
0.08784222602844238
0.14990925788879395
0.0887603759765625
0.0897669792175293
0.15022993087768555
0.09269976615905762
0.09405779838562012
0.15386462211608887
0.08544492721557617
0.09639501571655273
0.1599712371826172
0.08459258079528809
0.09019899368286133
0.15116262435913086
0.06346964836120605
0.07522845268249512
0.1323378086090088
0.08282017707824707
0.10297751426696777
0.17782974243164062
0.08305621147155762
0.18629097938537598
0.2424924373626709
0.07938909530639648
0.07966017723083496
0.1410825252532959
0.08104228973388672
0.1501789093017578
0.20730829238891602
0.09741425514221191
0.06995797157287598
0.12553954124450684
0.08514213562011719
0.09259915351867676
0.15434908866882324
0.09216928482055664
0.08439993858337402
0.14452433586120605
0.09262871742248535
0.09877157211303711
0.18216156959533691
0.08585643768310547
0.0815727710723877
0.1420729160308838
0.06675481796264648
0.09076476097106934
0.14804816246032715
0.07960867881774902
0.18848395347595215
0.25511598587036133
0.06590533256530762
0.07855772972106934
0.13669562339782715
0.08617448806762695
0.07444286346435547
0.13495206832885742
0.08944869041442871
0.0850529670715332
0.14268136024475098
0.09344291687011719
0.08633542060852051
0.14279437065124512
0.09402871131896973
0.0934755802154541
0.1587238311767578
0.08729791641235352
0.09685516357421875
0.1759183406829834
0.07891416549682617
0.10948467254638672
0.1652355194091797
0.08916401863098145
0.15580058097839355
0.22077345848083496
0.0860447883605957
0.09081149101257324
0.15146923065185547
0.0829935073852539
0.09377765655517578
0.15920114517211914
0.0946955680847168
0.08244156837463379
0.16366219520568848
0.08639955520629883
0.08587980270385742
0.14430713653564453
0.0824286937713623
0.08054900169372559
0.13854408264160156
0.08160257339477539
0.0940101146697998
0.1539461612701416
0.08659672737121582
0.09417605400085449
0.15574336051940918
0.0939338207244873
0.186570405960083
0.24671149253845215
0.07674145698547363
0.09186816215515137
0.15459823608398438
0.07692933082580566
0.08864450454711914
0.15060734748840332
0.09464430809020996
0.09830594062805176
0.16011524200439453
0.08194398880004883
0.08999466896057129
0.1524810791015625
0.07615947723388672
0.09120869636535645
0.17500591278076172
0.09447312355041504
0.10158491134643555
0.17095446586608887
0.09572100639343262
0.09140300750732422
0.1539466381072998
0.0918724536895752
0.08991456031799316
0.17222809791564941
0.09530496597290039
0.09682703018188477
0.16921138763427734
0.08758902549743652
0.11871075630187988
0.17885470390319824
0.08670234680175781
0.09305572509765625
0.15446019172668457
0.08019495010375977
0.08690047264099121
0.14596104621887207
0.09576940536499023
0.09098052978515625
0.15233397483825684
0.18717408180236816
0.09570097923278809
0.1536884307861328
0.0940098762512207
0.08714652061462402
0.18199467658996582
0.08706808090209961
0.09112358093261719
0.1517019271850586
0.08159422874450684
0.09335660934448242
0.159745454788208
0.09013986587524414
0.08682417869567871
0.15804481506347656
0.09028291702270508
0.08746957778930664
0.15718507766723633
0.08548736572265625
0.094451904296875
0.15719866752624512
0.06742978096008301
0.10573935508728027
0.1725459098815918
0.09126091003417969
0.08157873153686523
0.14544439315795898
0.09991097450256348
0.09377360343933105
0.17154216766357422
0.08625984191894531
0.09393882751464844
0.15713095664978027
0.08920526504516602
0.09355616569519043
0.17905402183532715
0.09128189086914062
0.0934288501739502
0.15252017974853516
0.10061311721801758
0.06972837448120117
0.1258220672607422
0.09246397018432617
0.08662128448486328
0.14693260192871094
0.08346891403198242
0.09618234634399414
0.17270827293395996
0.08118772506713867
0.06269121170043945
0.13808107376098633
0.08753490447998047
0.07930755615234375
0.1361243724822998
0.06315469741821289
0.09066176414489746
0.15132355690002441
0.09341120719909668
0.09303784370422363
0.15726518630981445
0.07192039489746094
0.08512330055236816
0.1424403190612793
0.08875298500061035
0.08880329132080078
0.1527717113494873
0.08527517318725586
0.08668875694274902
0.15054965019226074
0.09244751930236816
0.08669376373291016
0.14502501487731934
0.0644378662109375
0.06450510025024414
0.12970399856567383
0.08135366439819336
0.09027647972106934
0.15366387367248535
0.0921010971069336
0.10191583633422852
0.1816082000732422
0.09814262390136719
0.08724308013916016
0.14791274070739746
0.08176922798156738
0.1944136619567871
0.2496199607849121
0.09431719779968262
0.06706357002258301
0.12655186653137207
0.08644914627075195
0.0888674259185791
0.15528559684753418
0.09262752532958984
0.08217763900756836
0.13840198516845703
0.0895531177520752
0.0925743579864502
0.15068316459655762
0.10459208488464355
0.06260848045349121
0.11513853073120117
0.08329582214355469
0.09443497657775879
0.1459484100341797
0.07707023620605469
0.08645319938659668
0.14339303970336914
0.09465193748474121
0.0904076099395752
0.14895081520080566
0.08766460418701172
0.0835576057434082
0.14523744583129883
0.073333740234375
0.08431863784790039
0.15119600296020508
0.08156681060791016
0.08497738838195801
0.16219592094421387
0.08515810966491699
0.08518099784851074
0.1477830410003662
0.08919906616210938
0.1470324993133545
0.22608351707458496
0.08927536010742188
0.06714582443237305
0.12420463562011719
0.07927727699279785
0.09716057777404785
0.15508198738098145
0.08639383316040039
0.08540582656860352
0.1528027057647705
0.09144806861877441
0.07881641387939453
0.1330556869506836
0.09271931648254395
0.08048415184020996
0.1583576202392578
0.0657646656036377
0.07978558540344238
0.1417226791381836
0.09387016296386719
0.09653210639953613
0.16013264656066895
0.10058951377868652
0.09711170196533203
0.15833711624145508
0.09374237060546875
0.09435200691223145
0.17855072021484375
0.08386993408203125
0.08919262886047363
0.1545093059539795
0.09026002883911133
0.08788204193115234
0.14870858192443848
0.09370183944702148
0.07792544364929199
0.13526344299316406
0.08967185020446777
0.08113884925842285
0.13427329063415527
0.08961892127990723
0.07285666465759277
0.13227200508117676
0.08827877044677734
0.07004094123840332
0.1284780502319336
0.09331178665161133
0.08919692039489746
0.14955902099609375
0.08163809776306152
0.09038758277893066
0.15114879608154297
0.09313750267028809
0.08001947402954102
0.13610529899597168
0.08734726905822754
0.08956527709960938
0.15086030960083008
0.09350872039794922
0.09469199180603027
0.15720176696777344
0.09235835075378418
0.08334088325500488
0.14310359954833984
0.08667683601379395
0.07120680809020996
0.1308128833770752
0.09085869789123535
0.08412528038024902
0.16606688499450684
0.08797574043273926
0.06417083740234375
0.12360906600952148
0.07751226425170898
0.0855112075805664
0.14678049087524414
0.08250594139099121
0.08988165855407715
0.16953444480895996
0.0915517807006836
0.09160470962524414
0.16553473472595215
0.09643959999084473
0.08568310737609863
0.16821026802062988
0.08626556396484375
0.09716343879699707
0.17309188842773438
0.0874626636505127
0.08802390098571777
0.16800975799560547
0.08978748321533203
0.08850431442260742
0.1488943099975586
0.09173178672790527
0.09274768829345703
0.174391508102417
0.08947324752807617
0.08872008323669434
0.14673781394958496
0.09676790237426758
0.09236860275268555
0.1582355499267578
0.0817880630493164
0.08602666854858398
0.14338159561157227
0.09659123420715332
0.08975625038146973
0.1467452049255371
0.08199596405029297
0.08502984046936035
0.1653900146484375
0.10124015808105469
0.08534550666809082
0.1567535400390625
0.08391451835632324
0.09802579879760742
0.18606948852539062
0.08021664619445801
0.07848143577575684
0.13496708869934082
0.08710503578186035
0.09553074836730957
0.1689302921295166
0.08818483352661133
0.08665132522583008
0.15097880363464355
0.08927464485168457
0.07648086547851562
0.13573551177978516
0.07552099227905273
0.09377479553222656
0.1750791072845459
0.09035372734069824
0.08380270004272461
0.14861750602722168
0.0895078182220459
0.09506988525390625
0.16547608375549316
0.08691930770874023
0.08943748474121094
0.14831805229187012
0.07073640823364258
0.09961390495300293
0.15897011756896973
0.09169197082519531
0.08870410919189453
0.15566444396972656
0.0896298885345459
0.09180212020874023
0.150193452835083
0.09209394454956055
0.0940251350402832
0.15185976028442383
0.08620810508728027
0.10294270515441895
0.16994953155517578
0.08851957321166992
0.0909581184387207
0.19576549530029297
0.18863368034362793
0.07917070388793945
0.1636064052581787
0.09433484077453613
0.07084321975708008
0.1266629695892334
0.08820796012878418
0.08648848533630371
0.1491687297821045
0.09153461456298828
0.07684969902038574
0.15597081184387207
0.09291267395019531
0.08827662467956543
0.14811396598815918
0.09322857856750488
0.08320951461791992
0.1481630802154541
0.09314894676208496
0.0905146598815918
0.15259552001953125
0.08498740196228027
0.09864115715026855
0.1599740982055664
0.09183168411254883
0.07980799674987793
0.13882708549499512
0.0902092456817627
0.0865621566772461
0.16741323471069336
0.0880424976348877
0.0874776840209961
0.14859318733215332
0.07617974281311035
0.09058451652526855
0.17244625091552734
0.08759021759033203
0.08895468711853027
0.16385412216186523
0.08178281784057617
0.0905909538269043
0.14774847030639648
0.09278488159179688
0.0775597095489502
0.1365065574645996
0.0709078311920166
0.08578157424926758
0.16780900955200195
0.07674956321716309
0.08552289009094238
0.14592862129211426
0.08996033668518066
0.0830237865447998
0.16408109664916992
0.08219623565673828
0.06466984748840332
0.1238565444946289
0.09724569320678711
0.08515143394470215
0.14463376998901367
0.0837247371673584
0.08722567558288574
0.14605164527893066
0.11492276191711426
0.09067559242248535
0.15832161903381348
0.08752965927124023
0.08771228790283203
0.1795949935913086
0.0959768295288086
0.09720039367675781
0.16138720512390137
0.09066009521484375
0.09519624710083008
0.15908336639404297
0.09160757064819336
0.09507131576538086
0.1813981533050537
0.0910792350769043
0.08914065361022949
0.14980340003967285
0.09370756149291992
0.09024643898010254
0.1542973518371582
0.09128260612487793
0.0912477970123291
0.15251541137695312
0.09126496315002441
0.0834345817565918
0.141615629196167
0.0929722785949707
0.0930643081665039
0.1626143455505371
0.08670639991760254
0.0940556526184082
0.15711212158203125
0.09004664421081543
0.08707380294799805
0.14973950386047363
0.09189414978027344
0.0969839096069336
0.15978741645812988
0.09165787696838379
0.08780550956726074
0.14835143089294434
0.0895071029663086
0.09399676322937012
0.15103650093078613
0.08449983596801758
0.08654165267944336
0.15065240859985352
0.0915689468383789
0.0810847282409668
0.15664458274841309
0.09463644027709961
0.08786916732788086
0.15108251571655273
0.08264756202697754
0.07352304458618164
0.12866950035095215
0.07680368423461914
0.09041285514831543
0.15262556076049805
0.09846949577331543
0.09928274154663086
0.16724324226379395
0.08974099159240723
0.09378695487976074
0.16936111450195312
0.08585572242736816
0.0934295654296875
0.15133190155029297
0.08284616470336914
0.0915834903717041
0.15625262260437012
0.07725644111633301
0.09353184700012207
0.16987872123718262
0.08173084259033203
0.09035110473632812
0.15166974067687988
0.08717513084411621
0.08011484146118164
0.1349499225616455
0.11271047592163086
0.08990883827209473
0.16639375686645508
0.07994318008422852
0.08740735054016113
0.15016579627990723
0.09127545356750488
0.07885336875915527
0.14795207977294922
0.08148694038391113
0.07949137687683105
0.13816308975219727
0.07340216636657715
0.08652091026306152
0.18955421447753906
0.10104608535766602
0.08449554443359375
0.14373564720153809
0.07466673851013184
0.09391355514526367
0.15822958946228027
0.09349727630615234
0.08810949325561523
0.14818763732910156
0.09114289283752441
0.08863615989685059
0.14471101760864258
0.06490659713745117
0.08295083045959473
0.15350818634033203
0.08794379234313965
0.08971118927001953
0.17048096656799316
0.08314824104309082
0.0925905704498291
0.16774940490722656
0.09473943710327148
0.09270644187927246
0.15790128707885742
0.09963130950927734
0.0879518985748291
0.1489863395690918
0.0961143970489502
0.08163785934448242
0.13667941093444824
0.20163559913635254
0.09305882453918457
0.15632152557373047
0.09467530250549316
0.09443140029907227
0.16267156600952148
0.09247994422912598
0.09024190902709961
0.16117429733276367
0.08770132064819336
0.07296037673950195
0.1297757625579834
0.0809624195098877
0.08305573463439941
0.1495676040649414
0.08664584159851074
0.09128785133361816
0.17669057846069336
0.08924603462219238
0.08815312385559082
0.14994502067565918
0.19142508506774902
0.07967495918273926
0.15852046012878418
0.08613705635070801
0.08627939224243164
0.14471793174743652
0.09488987922668457
0.09024238586425781
0.15268754959106445
0.0952754020690918
0.08662247657775879
0.16533112525939941
0.09020066261291504
0.08421778678894043
0.14816570281982422
0.08970832824707031
0.0882563591003418
0.1528310775756836
0.09148526191711426
0.06345486640930176
0.14526677131652832
0.09486961364746094
0.07379841804504395
0.13249421119689941
0.09367108345031738
0.08648943901062012
0.14307260513305664
0.09142136573791504
0.09379744529724121
0.15982770919799805
0.0872032642364502
0.08995628356933594
0.15575122833251953
0.09473371505737305
0.08990335464477539
0.14789915084838867
0.09234499931335449
0.0655369758605957
0.1313154697418213
0.07266664505004883
0.08304786682128906
0.14280176162719727
0.081146240234375
0.09244060516357422
0.1551063060760498
0.09262323379516602
0.08527779579162598
0.17569971084594727
0.0842599868774414
0.09556150436401367
0.15720558166503906
0.09090685844421387
0.09512519836425781
0.1610395908355713
0.08612942695617676
0.09349346160888672
0.1589517593383789
0.08922290802001953
0.08593988418579102
0.14361238479614258
0.08153986930847168
0.09206867218017578
0.15802454948425293
0.08969640731811523
0.08413171768188477
0.15153050422668457
0.08951306343078613
0.0779411792755127
0.15920114517211914
0.09154391288757324
0.09010124206542969
0.16363215446472168
0.09561038017272949
0.08579039573669434
0.15158390998840332
0.06451821327209473
0.08567500114440918
0.1623070240020752
0.09246706962585449
0.0934910774230957
0.15564966201782227
0.10442090034484863
0.07094454765319824
0.1302967071533203
0.10106849670410156
0.08817887306213379
0.14607667922973633
0.08678007125854492
0.08605647087097168
0.1462409496307373
0.08705973625183105
0.06382417678833008
0.1191096305847168
0.08954429626464844
0.08832979202270508
0.15085697174072266
0.10967445373535156
0.09656262397766113
0.17165303230285645
0.1022489070892334
0.09655046463012695
0.1699833869934082
0.11455559730529785
0.08816027641296387
0.15236306190490723
0.09769153594970703
0.08758378028869629
0.15403008460998535
0.09340977668762207
0.08226251602172852
0.14084529876708984
0.10859203338623047
0.08261704444885254
0.14280414581298828
0.09044027328491211
0.0784311294555664
0.14871478080749512
0.08232975006103516
0.07575869560241699
0.13185405731201172
0.09301376342773438
0.07511377334594727
0.14435243606567383
0.10392498970031738
0.07832813262939453
0.13451886177062988
0.09230732917785645
0.1062164306640625
0.16375017166137695
0.07647109031677246
0.08828234672546387
0.14155364036560059
0.07693314552307129
0.08762121200561523
0.14579200744628906
0.09063863754272461
0.08735013008117676
0.14627289772033691
0.09273004531860352
0.08520746231079102
0.16328191757202148
0.09196591377258301
0.08510351181030273
0.14712929725646973
0.0891730785369873
0.08725714683532715
0.15275812149047852
0.09858441352844238
0.08814311027526855
0.14722251892089844
0.06380295753479004
0.07180309295654297
0.1298201084136963
0.08770513534545898
0.08317112922668457
0.16314291954040527
0.08714175224304199
0.08643412590026855
0.14176511764526367
0.07778024673461914
0.10443329811096191
0.16039204597473145
0.09016609191894531
0.09498143196105957
0.15472650527954102
0.08764266967773438
0.09956169128417969
0.16635823249816895
0.09380316734313965
0.07938146591186523
0.13597846031188965
0.09040546417236328
0.08912158012390137
0.15359282493591309
0.09389162063598633
0.09578490257263184
0.15681910514831543
0.09156632423400879
0.08342719078063965
0.16732501983642578
0.09144043922424316
0.12083983421325684
0.19970941543579102
0.0863044261932373
0.0905146598815918
0.14894795417785645
0.08849644660949707
0.07467818260192871
0.15586113929748535
0.0902249813079834
0.1026601791381836
0.16167545318603516
0.0838327407836914
0.09088277816772461
0.17406320571899414
0.09034538269042969
0.08097386360168457
0.13931846618652344
0.08873462677001953
0.07170486450195312
0.12969112396240234
0.06570649147033691
0.0796670913696289
0.14005208015441895
0.08938312530517578
0.08798027038574219
0.15033793449401855
0.09226608276367188
0.09221673011779785
0.15430378913879395
0.0908665657043457
0.08729004859924316
0.1543440818786621
0.08183479309082031
0.09361600875854492
0.15204644203186035
0.09096288681030273
0.09532570838928223
0.16131973266601562
0.10424518585205078
0.08790802955627441
0.14914250373840332
0.09026050567626953
0.07987761497497559
0.13913464546203613
0.08439970016479492
0.07808589935302734
0.14939093589782715
0.07827019691467285
0.10167098045349121
0.18408656120300293
0.08584785461425781
0.08254647254943848
0.1379077434539795
0.09296417236328125
0.06343626976013184
0.12224316596984863
0.09519672393798828
0.06486630439758301
0.12110733985900879
0.08842658996582031
0.07569313049316406
0.13188457489013672
0.08270978927612305
0.10117435455322266
0.17314600944519043
0.08749938011169434
0.08121538162231445
0.16893410682678223
0.07036972045898438
0.0863962173461914
0.14236140251159668
0.08547377586364746
0.07770633697509766
0.1332263946533203
0.08672356605529785
0.0736227035522461
0.13399171829223633
0.08608889579772949
0.10433483123779297
0.1630105972290039
0.11843085289001465
0.08749651908874512
0.14654207229614258
0.0953211784362793
0.07723402976989746
0.13390374183654785
0.09260368347167969
0.07597231864929199
0.1330883502960205
0.07497978210449219
0.09365701675415039
0.17837071418762207
0.09182310104370117
0.08273911476135254
0.1405351161956787
0.09204983711242676
0.10684704780578613
0.16921663284301758
0.09234189987182617
0.09185123443603516
0.15844035148620605
0.08448147773742676
0.06471443176269531
0.14811968803405762
0.08788180351257324
0.09779691696166992
0.15634703636169434
0.08262300491333008
0.1096346378326416
0.1715991497039795
0.08069038391113281
0.09255528450012207
0.1603565216064453
0.09117913246154785
0.08240556716918945
0.1420431137084961
0.09114742279052734
0.0873255729675293
0.14643192291259766
0.09716796875
0.09069490432739258
0.15474772453308105
0.06733059883117676
0.08576178550720215
0.15311741828918457
0.08253836631774902
0.09093499183654785
0.14754128456115723
0.07908248901367188
0.08941149711608887
0.15029191970825195
0.09579348564147949
0.08991432189941406
0.1511681079864502
0.08836650848388672
0.12246370315551758
0.18982481956481934
0.08686542510986328
0.08610796928405762
0.1731431484222412
0.0893552303314209
0.10024023056030273
0.16138863563537598
0.0871121883392334
0.07832121849060059
0.13321948051452637
0.07388615608215332
0.08540701866149902
0.14464640617370605
0.08123469352722168
0.09271931648254395
0.16936111450195312
0.08554697036743164
0.08484268188476562
0.14533543586730957
0.06955456733703613
0.07515764236450195
0.13356947898864746
0.08963823318481445
0.08659505844116211
0.14870548248291016
0.09123730659484863
0.08643889427185059
0.14700770378112793
0.08797812461853027
0.09786486625671387
0.1615293025970459
0.09305787086486816
0.10932660102844238
0.17948436737060547
0.07448029518127441
0.09395790100097656
0.1609210968017578
0.09253120422363281
0.08644938468933105
0.1470189094543457
0.08181881904602051
0.09226274490356445
0.15414810180664062
0.10889196395874023
0.09251022338867188
0.15739750862121582
0.08310198783874512
0.0807344913482666
0.1367955207824707
0.10477924346923828
0.09230446815490723
0.15321779251098633
0.08004212379455566
0.08905553817749023
0.14175677299499512
0.08627152442932129
0.0890200138092041
0.15613865852355957
0.09260106086730957
0.07982897758483887
0.13598895072937012
0.07969951629638672
0.10518121719360352
0.1806049346923828
0.09689712524414062
0.08736920356750488
0.1683039665222168
0.09370136260986328
0.08876848220825195
0.16945767402648926
0.08927416801452637
0.08448219299316406
0.13902926445007324
0.06431794166564941
0.08079218864440918
0.13581156730651855
0.08148837089538574
0.08839106559753418
0.1504809856414795
